totalreqs = 24
totaltests = 49
//---------------------------------------//
// Test Case versus Requirements Maps
//---------------------------------------//
t0=0,1,2,3,16,22
t1=0,1,2,12,22
t2=0,1,2,9,14,22
t3=0,1,2,16,22
t4=0,1,2,5,8,13,22
t5=0,1,2,7,18,23
t6=0,1,2,10,12,22
t7=0,1,2,9,16,22
t8=0,1,2,5,14
t9=0,1,2,6,19,21
t10=0,1,2,7,11,17,22
t11=0,1,2,10,17
t12=0,1,2,20,22
t13=0,1,2,12,14
t14=0,1,2,6,12,14
t15=0,1,2,10,22
t16=0,1,3,14,20,21
t17=0,1,4,9,13,15,19
t18=0,2,6,18,19,20
t19=1,5,9,21
t20=2,7,18,23
t21=7,8,11,19
t22=9,10,19,22,23
t23=9,15,20,21,22
t24=0,1,2
t25=19,20,21
t26=20,21,23
t27=0,1,2
t28=0,1,2,15,21,22
t29=11,12,17,22
t30=0,1,12,21,23
t31=6,8,9,13,20,21
t32=3,7,11,15,17,20
t33=2,5,10,13,15,19,21,23
t34=6,8,10,11,20,22,23
t35=2,4,9,11,15,17,22
t36=1,7,10,13,18,22
t37=0,5,6
t38=10,16,23
t39=11,13,20,22
t40=5,6,11,19
t41=8,20,21,22
t42=4,22,23
t43=6,7,8,9,20,21
t44=13,14,15,21,22,23
t45=20,21,22,23
t46=18,19,20
t47=15,16
t48=13,14
