totalreqs = 40
totaltests = 31
//---------------------------------------//
// Test Case versus Requirements Maps
//---------------------------------------//
t0=0,2,15,22,33,36,39
t1=1,4,11,16,19,21,29,37
t2=1,2,13,15,18,22,25,38
t3=0,1,21,23,24,26,27,30,31,32
t4=4,7,36,37
t5=6,17,22,23,25,34
t6=1,11,12,29,30,33,34,38
t7=0,8,15,17,22,24,26,31,33
t8=4,13,23,27,28,30,32,33,37,39
t9=5,18,20,22,26,27
t10=6,10,19,30,31
t11=3,23,28,29
t12=1,19,23,26,33,37
t13=13,23,26,31
t14=4,5,22,29,38
t15=9,10,23,29,33
t16=1,13,19,21,27,33
t17=8,16,17,30,34
t18=0,15,19,21,37
t19=0,5,33,38
t20=7,14,17,39
t21=6,25,33
t22=1,15,26,35
t23=10,13,31,37
t24=1,5,8,21,38
t25=2,4,18,39
t26=23,36,38
t27=2,23,26,30
t28=14,20,27,28
t29=0,9,16,29,31
t30=3,20,22,27,38