totalreqs=40
totaltests=17

//---------------------------------------//
// Test Case versus Requirements Maps
//---------------------------------------//
t0=0,1,3,4,6,8,9,19,23,26
t1=0,2,3,9,10,12,13,19,24,25,33
t2=2,5,10,12,13,17,20,23,25,29,35,37
t3=1,2,3,5,11,14,15,16,17,18,22,26,29,33,37
t4=2,3,4,7,9,15,21,24,25,28,31,34,36,39
t5=5,11,15,18,19,22,23,24,29,32,35
t6=4,6,8,9,14,16,18,23,24,36,37
t7=5,7,9,11,19,28,31,36
t8=5,20,24,25,35
t9=8,9,20,24,31,37
t10=20,22,23
t11=21,23,38
t12=26,27,28,31,34,39
t13=3,17,25,26,32,33,35
t14=31,35,36,37
t15=5,26,28,30,38
t16=1,25,30,39


