totalreqs = 40
totaltests = 31
//---------------------------------------//
// Test Case versus Requirements Maps
//---------------------------------------//
t0=3,4,8,11,13,15,22,31,33,39
t1=0,6,7,10,14,16
t2=1,5,11,13,30
t3=0,3,14,19,21,38
t4=1,4,7,11,19,21,25
t5=3,8,10,13,18,23,26,29,39
t6=3,11,16,22,25
t7=12,18,21
t8=0,4,11,14,15,17,19,26,29,39
t9=3,12,14,17,32,35,37
t10=3,11,23,31,36
t11=8,23,25,36
t12=0,9,14,17,28,30,33,36
t13=1,5,19,21,22,24,28,30,34
t14=4,7,8,31,33,38,39
t15=4,6,9,10,11,17,22,23,25,27,30,32,34,35,37
t16=8,10,15,18,22,33,36
t17=3,7,9,11,17,19,23,27,39
t18=5,9,17,18,24,28,29,33
t19=2,5,6,10,16,17,19,21,27
t20=4,5,19,24,25,26,27,32,33,35,38,39
t21=0,3,6,9,12,15,18,21,23,30,31,36,39
t22=13,28,33,34,36,37,38
t23=6,8,11,16,19,21,23,27,29,35,37
t24=13,15,20,21,22,25,26,27,30,33,35,36,37,38,39
t25=4,11,19,21,23,27,35,37,38
t26=2,5,6,8,16,17,20,22,26,33,38
t27=0,4,8,13,19,20,21,23,24,27,30,37
t28=3,12,17,18,23,28,30,35
t29=0,16,17,19,21,25,33,34,39
t30=1,5,9,12,15,18,21,23,30,32,35
