totalreqs = 30
totaltests = 20
//---------------------------------------//
// Test Case versus Requirements Maps
//---------------------------------------//
t0=0,3,5,9,10,11,12,13,15
t1=0,1,4,7,8,12,13,17,19,20
t2=2,8,11,15,19,21,25,28
t3=0,3,5,9,11,17,19,21,26,27,28
t4=1,2,5,8,15,16,22,25,29
t5=2,4,7,13,15,16,17,26
t6=0,4,9,14,19,29
t7=1,2,7,15,28
t8=2,3,9,13,20,27
t9=0,4,11,13,14,15,16,24
t10=4,7,9,10,17,21,22
t11=1,5,7,14,15,17,20,23,26
t12=2,7,8,9,11,20,22,27,29
t13=2,3,5,8,11,27
t14=0,2,12,14,18,21
t15=0,6,11,25
t16=0,8,12,14,19
t17=1,6,8,21
t18=5,7,8,9,22
t19=3,5,8,10,11,15,16,18,29


